1653876501617 6.658956269343007 0
1653876502114 7.447848670277756 0
1653876502803 6.851803791409753 0
1653876509133 6.651438559376775 0
1653876512635 6.716559522009989 0
1653876524389 6.660053906586672 0
1653876534981 6.707503274672776 0
1653876536045 6.7235442543534605 0
1653876542430 6.722999048347069 0
1653876547673 6.667066348928308 0
1653876551755 6.642137287429206 0
1653876554921 6.7491798485860865 0
1653876555893 6.774021622804556 0
1653876559659 6.715110113437813 0
1653876565786 6.707458368972482 0
1653876569341 6.728779371220965 0
1653876575467 6.68551104222556 0
1653876584669 6.629728007710133 0
1653876586844 6.736058409402118 0
1653876588244 6.77342506974367 0
1653876601553 6.629851022038263 0
1653876611542 6.653683832876162 0
1653876627072 6.647033906539047 0
1653876640202 6.629851022038263 0
1653876649890 6.652803332064075 0
1653876659914 6.629893219637507 0
1653876665070 6.725265558867447 0
1653876676356 6.6314054134182765 0
1653876679517 6.681542374361417 0
1653876690722 6.706623773217252 0
1653876691255 7.448172148504022 0
1653876698087 6.638861207023913 0
1653876710080 6.654659471971378 0
1653876720882 6.6284257482044735 0
1653876726273 6.6553387423727886 0
1653876732323 6.6588223659533545 0
1653876732548 8.833340047466741 0
1653876739802 6.645117038429872 0
1653876749189 6.649160506420046 0
1653876758714 6.633730021045835 0
1653876760338 6.687538752784537 0
1653876764124 6.648815565312099 0
1653876770311 6.674102646153308 0
1653876778129 6.631241925671814 0
1653876781770 6.660644631576121 0
1653876782903 7.0480909900504285 0
1653876789388 6.710491198554928 0
1653876792179 6.705855015191857 0
1653876797612 6.633746160201609 0
1653876804311 6.6729449097319 0
